1493023071096 1370059219485 14015295736 100 0 0 0 0 0 0 0
1493023079463 1378426959588 14015295736 100 0 0 0 0 0 0 0
1493023087843 1386806783024 14015295736 100 0 0 0 0 0 0 0
1493023092911 1391874221565 14015295736 58 4 4 0 0 12 0 27
1493023106212 1405175573647 14015295736 60 14 14 0 6 12 0 10
1493023111346 1410309961667 14015295736 58 8 8 0 0 12 0 23
1493023111352 1410315680938 14015295736 0 0 0 0 0 0 100 0
1493023124766 1423729597081 14015295736 37 6 6 0 8 12 0 39
1493023124773 1423736706977 14015295736 0 0 0 0 0 0 100 0
1493023138213 1437176356454 14015295736 18 10 8 2 2 23 0 48
1493023151593 1450556629890 14015295736 38 3 3 0 2 8 0 49
1493023165018 1463982085096 14015295736 35 8 8 0 0 2 0 56
1493023178439 1477402569990 14015295736 40 12 12 0 16 6 0 27
1493023191833 1490796971550 14015295736 8 18 18 0 0 0 0 75
1493023205170 1504133637694 14015295736 0 25 19 6 4 0 0 71
1493023215363 1514326802276 14015295736 2 42 41 2 6 6 0 45
1493023228772 1527735250190 14015295736 5 38 32 6 8 3 0 46
1493023242213 1541176585084 14015295736 2 50 46 4 6 4 0 39
1493023255589 1554553039249 14015295736 33 23 21 2 4 15 0 25
1493023260682 1559645986644 14015295736 43 8 8 0 0 4 0 46
1493023291559 1590522873618 14015295736 23 27 23 4 4 4 0 43
1493023305003 1603966542887 14015295736 0 31 31 0 2 0 0 67
1493023318338 1617301355906 14015295736 25 39 39 0 17 0 0 19
1493023323422 1622386016843 14015295736 0 44 44 0 0 0 0 56
1493023336828 1635792052778 14015295736 2 14 12 2 14 4 0 68
1493023336830 1635793364757 14015295736 0 0 0 0 0 0 100 0
1493023350196 1649159940276 14015295736 35 12 12 0 0 14 0 41
1493023363614 1662577603295 14015295736 23 8 8 0 0 6 0 63
1493023377016 1675979138710 14015295736 15 2 2 0 0 0 0 83
1493023382127 1681090913188 14015295736 0 46 31 15 8 8 0 38
1493023392294 1691257851728 14015295736 6 50 44 6 8 0 0 37
1493023405701 1704664655893 14015295736 23 64 60 4 4 4 0 6
1493023410808 1709771515267 14015295736 0 54 54 0 8 0 0 38
1493023424196 1723159527244 14015295736 8 14 14 0 2 0 0 77
1493023437597 1736560622554 14015295736 2 21 21 0 0 0 0 77
1493023450982 1749945843386 14015295736 16 27 27 0 6 8 0 44
1493023464373 1763336575675 14015295736 8 12 8 4 12 8 0 62
1493023474594 1773558052236 14015295736 6 52 42 10 4 2 0 37
1493023479707 1778670673590 14015295736 0 54 46 8 8 0 0 38
1493023484815 1783778098068 14015295736 0 66 43 23 0 0 0 35
1493023489894 1788857378796 14015295736 4 50 47 4 4 0 0 43
1493023495000 1793963156400 14015295736 3 18 18 0 10 5 0 64
1493023508354 1807317836085 14015295736 23 48 46 2 8 0 0 21
1493023521763 1820726752750 14015295736 23 20 18 2 8 2 0 48
1493023535181 1834144772540 14015295736 12 23 19 4 6 4 0 56
1493023548572 1847535834517 14015295736 27 33 25 8 8 2 0 31
1493023548581 1847544305350 14015295736 0 0 0 0 0 0 100 0
1493023561998 1860961538681 14015295736 23 27 27 0 27 6 0 17
1493023567199 1866162878264 14015295736 0 8 8 0 69 8 0 15
1493023570723 1869686595972 14015295736 0 0 0 0 69 31 0 0
1493023575814 1874778028263 14015295736 0 0 0 0 85 8 0 8
1493023580175 1879138753783 14015295736 0 31 31 0 54 0 0 15
1493023580192 1879155266283 14015295736 0 0 0 0 0 0 100 0
