1493023050750 1349713529384 14015295736 24 20.0
1493023252762 1551725642895 14015295736 24 22.0
1493023319308 1618271482989 14015295736 23 23.0
1493023379324 1678287883501 14015295736 23 23.0
1493023527215 1826178180353 14015295736 23 24.0
1493023622794 1921757312110 14015295736 23 25.0
1493023682864 1981827440225 14015295736 23 25.0
1493023742901 2041864638133 14015295736 23 25.0
1493023802968 2101931626665 14015295736 23 25.0
1493023863031 2161994686552 14015295736 23 25.0
1493023923110 2222073580814 14015295736 23 26.0
1493023983151 2282114482367 14015295736 23 26.0
1493024043213 2342176850587 14015295736 23 26.0
1493024060816 2359779880793 14015295736 22 26.0
1493024127217 2426180562033 14015295736 22 26.0
1493024187272 2486236081294 14015295736 22 26.0
1493024247332 2546295660452 14015295736 22 26.0
1493024367455 2666419068767 14015295736 22 26.0
1493024427509 2726472117195 14015295736 22 26.0
1493024487559 2786523017707 14015295736 22 26.0
1493024547622 2846585570823 14015295736 22 26.0
1493024667786 2966749532783 14015295736 22 26.0
1493024727225 3026188193191 14015295736 22 27.0
